336
455
337
426
403
83
258
796
799
953
717
156
410
230
306
797
965
776
60
592
169
163
739
676
331
268
537
841
868
697
586
289
132
800
791
224
152
680
348
933
209
414
25
498
152
56
862
393
351
551
626
711
145
504
94
534
44
891
605
461
470
161
887
610
622
511
878
635
685
824
416
57
364
138
199
23
439
727
894
146
835
271
333
320
988
700
214
878
482
934
248
701
789
976
851
156
94
379
414
476
744
473
702
176
359
261
648
91
384
25
865
391
513
912
212
747
674
85
748
420
397
99
10
48
321
687
504
279
149
795
647
355
467
877
262
241
67
55
820
855
26
23
361
33
258
746
264
343
36
213
231
50
547
692
706
15
419
54
989
738
698
985
864
599
454
658
576
844
207
856
131
187
869
706
852
687
485
181
297
253
673
618
785
294
310
80
889
137
666
54
801
702
429
4
859
632
231
194
707
683
275
832
269
518
42
272
627
306
691
457
318
341
41
518
416
88
837
462
616
743
806
877
93
210
879
739
854
367
256
76
841
395
847
984
890
305
904
139
630
786
914
111
305
566
829
112
253
9
593
176
141
417
280
165
833
479
127
912
114
204
144
111
512
262
508
910
153
260
975
705
157
894
277
45
40
608
116
48
776
505
353
85
992
998
455
772
412
132
261
610
870
639
976
789
681
204
689
811
955
654
704
284
392
575
137
996
740
940
678
422
353
967
669
421
971
887
859
540
272
898
985
217
396
886
223
581
355
781
134
416
928
479
466
938
638
412
240
765
125
58
987
313
936
427
941
480
308
739
949
988
43
681
780
485
858
956
821
407
200
728
596
355
208
288
333
181
248
862
569
55
955
481
908
252
132
23
578
926
509
467
644
852
174
24
437
230
537
879
866
171
998
653
674
558
667
889
770
740
534
556
956
561
654
986
768
980
902
600
835
720
580
311
256
84
233
648
293
100
609
711
615
457
118
573
744
552
912
881
704
23
624
767
777
117
221
908
56
226
790
113
977
188
497
694
562
851
676
144
995
344
522
766
555
66
352
144
263
696
824
889
991
958
766
175
185
154
321
840
955
862
764
920
115
491
742
672
728
539
79
977
503
40
996
145
567
548
540
965
462
184
483
24
415
617
95
331
180
400
658
862
809
816
376
557
905
621
297
718
389
979
601
90
321
869
950
979
225
368
946
205
653
39
241
959
153
592
101
964
768
950
672
381
658
625
297
897
547
635
348
168
334
452
59
228
498
576
577
417
267
207
649
743
692
885
186
390
612
155
390
673
575
966
539
293
703
879
321
524
786
187
885
77
53
220
853
615
161
503
805
638
125
495
922
100
980
178
373
500
129
26
155
3
232
975
170
287
839
315
358
661
445
303
101
526
425
764
271
810
982
60
530
304
389
577
317
667
996
206
900
33
662
910
779
601
916
33
982
75
658
654
441
869
660
301
155
154
794
244
489
85
178
21
920
407
885
550
578
246
765
89
61
990
406
725
464
524
649
869
128
624
377
63
954
955
576
335
17
90
201
573
730
50
44
228
110
660
293
421
497
810
85
548
425
395
710
608
760
3
1
201
493
695
979
229
168
528
183
692
85
254
309
573
411
486
420
352
278
871
291
717
289
441
375
133
760
63
624
608
644
607
316
654
472
304
768
218
708
675
252
420
32
821
14
589
764
356
922
433
262
31
185
112
523
395
288
461
873
299
587
523
908
384
17
148
960
258
584
845
319
821
396
238
266
527
373
878
677
953
247
807
711
997
975
565
119
335
330
516
541
967
271
371
464
949
304
972
52
621
356
142
863
566
241
628
699
62
601
679
622
288
170
177
240
808
355
412
117
798
780
347
45
418
741
614
648
399
993
708
885
482
780
356
324
917
722
205
979
743
378
911
190
471
476
313
971
601
951
45
213
727
766
600
631
564
987
166
75
397
141
78
795
489
638
417
40
523
624
881
721
541
545
16
631
790
260
814
990
231
314
232
382
475
657
989
819
574
468
922
322
88
651
864
390
9
484
236
233
671
970
704
46
53
637
345
775
407
466
649
890
883
389
493
330
266
436
593
99
872
29
226
245
415
435
148
13
971
725
942
249
58
864
19
114
602
814
466
807
887
46
80
767
461
582
796
271
267
95
555
229
441
216
638
356
571
253
913
746
558
2
109
14
19
258
768
749
762
773
931
335
977
33
508
685
428
767
325
382
519
474
853
171
522
500
166
823
84
178
439
403
979
345
762
345
299
345
960
815
437
760
740
246
290
234
861
748
505
672
248
887
